646 
1327      0.000      5.000      0.000
2245      0.000      5.000      0.000
326     -0.000     -0.000    -10.000
241      0.000      0.000      0.000
242      0.000      0.000      0.000
243      0.000      0.000      0.000
244      0.000      0.000      0.000
245      0.000      0.000      0.000
246      0.000      0.000      0.000
247      0.000      0.000      0.000
248      0.000      0.000      0.000
250      0.000      0.000      0.000
251      0.000      0.000      0.000
252      0.000      0.000      0.000
253      0.000      0.000      0.000
255      0.000      0.000      0.000
257      0.000      0.000      0.000
258      0.000      0.000      0.000
259      0.000      0.000      0.000
260      0.000      0.000      0.000
261      0.000      0.000      0.000
262      0.000      0.000      0.000
263      0.000      0.000      0.000
264      0.000      0.000      0.000
265      0.000      0.000      0.000
268      0.000      0.000      0.000
270      0.000      0.000      0.000
273      0.000      0.000      0.000
274      0.000      0.000      0.000
279      0.000      0.000      0.000
280      0.000      0.000      0.000
281      0.000      0.000      0.000
282      0.000      0.000      0.000
283      0.000      0.000      0.000
289      0.000      0.000      0.000
290      0.000      0.000      0.000
292      0.000      0.000      0.000
293      0.000      0.000      0.000
295      0.000      0.000      0.000
296      0.000      0.000      0.000
298      0.000      0.000      0.000
299      0.000      0.000      0.000
300      0.000      0.000      0.000
302      0.000      0.000      0.000
303      0.000      0.000      0.000
304      0.000      0.000      0.000
306      0.000      0.000      0.000
307      0.000      0.000      0.000
308      0.000      0.000      0.000
315      0.000      0.000      0.000
316      0.000      0.000      0.000
440      0.000      0.000      0.000
441      0.000      0.000      0.000
442      0.000      0.000      0.000
443      0.000      0.000      0.000
444      0.000      0.000      0.000
445      0.000      0.000      0.000
446      0.000      0.000      0.000
447      0.000      0.000      0.000
448      0.000      0.000      0.000
449      0.000      0.000      0.000
450      0.000      0.000      0.000
452      0.000      0.000      0.000
453      0.000      0.000      0.000
455      0.000      0.000      0.000
456      0.000      0.000      0.000
457      0.000      0.000      0.000
459      0.000      0.000      0.000
460      0.000      0.000      0.000
461      0.000      0.000      0.000
462      0.000      0.000      0.000
463      0.000      0.000      0.000
464      0.000      0.000      0.000
467      0.000      0.000      0.000
468      0.000      0.000      0.000
469      0.000      0.000      0.000
470      0.000      0.000      0.000
472      0.000      0.000      0.000
473      0.000      0.000      0.000
476      0.000      0.000      0.000
477      0.000      0.000      0.000
478      0.000      0.000      0.000
480      0.000      0.000      0.000
481      0.000      0.000      0.000
488      0.000      0.000      0.000
492      0.000      0.000      0.000
494      0.000      0.000      0.000
495      0.000      0.000      0.000
496      0.000      0.000      0.000
499      0.000      0.000      0.000
500      0.000      0.000      0.000
502      0.000      0.000      0.000
503      0.000      0.000      0.000
504      0.000      0.000      0.000
505      0.000      0.000      0.000
512      0.000      0.000      0.000
515      0.000      0.000      0.000
526      0.000      0.000      0.000
528      0.000      0.000      0.000
529      0.000      0.000      0.000
531      0.000      0.000      0.000
532      0.000      0.000      0.000
537      0.000      0.000      0.000
538      0.000      0.000      0.000
540      0.000      0.000      0.000
542      0.000      0.000      0.000
543      0.000      0.000      0.000
544      0.000      0.000      0.000
545      0.000      0.000      0.000
548      0.000      0.000      0.000
549      0.000      0.000      0.000
553      0.000      0.000      0.000
612      0.000      0.000      0.000
613      0.000      0.000      0.000
614      0.000      0.000      0.000
615      0.000      0.000      0.000
616      0.000      0.000      0.000
619      0.000      0.000      0.000
620      0.000      0.000      0.000
621      0.000      0.000      0.000
622      0.000      0.000      0.000
623      0.000      0.000      0.000
625      0.000      0.000      0.000
627      0.000      0.000      0.000
628      0.000      0.000      0.000
629      0.000      0.000      0.000
630      0.000      0.000      0.000
631      0.000      0.000      0.000
632      0.000      0.000      0.000
633      0.000      0.000      0.000
634      0.000      0.000      0.000
635      0.000      0.000      0.000
636      0.000      0.000      0.000
637      0.000      0.000      0.000
638      0.000      0.000      0.000
642      0.000      0.000      0.000
643      0.000      0.000      0.000
644      0.000      0.000      0.000
645      0.000      0.000      0.000
647      0.000      0.000      0.000
648      0.000      0.000      0.000
650      0.000      0.000      0.000
651      0.000      0.000      0.000
652      0.000      0.000      0.000
655      0.000      0.000      0.000
656      0.000      0.000      0.000
657      0.000      0.000      0.000
658      0.000      0.000      0.000
660      0.000      0.000      0.000
662      0.000      0.000      0.000
663      0.000      0.000      0.000
666      0.000      0.000      0.000
667      0.000      0.000      0.000
669      0.000      0.000      0.000
676      0.000      0.000      0.000
680      0.000      0.000      0.000
681      0.000      0.000      0.000
682      0.000      0.000      0.000
684      0.000      0.000      0.000
687      0.000      0.000      0.000
689      0.000      0.000      0.000
690      0.000      0.000      0.000
692      0.000      0.000      0.000
693      0.000      0.000      0.000
707      0.000      0.000      0.000
713      0.000      0.000      0.000
717      0.000      0.000      0.000
718      0.000      0.000      0.000
719      0.000      0.000      0.000
726      0.000      0.000      0.000
727      0.000      0.000      0.000
728      0.000      0.000      0.000
732      0.000      0.000      0.000
736      0.000      0.000      0.000
737      0.000      0.000      0.000
738      0.000      0.000      0.000
742      0.000      0.000      0.000
795      0.000      0.000      0.000
796      0.000      0.000      0.000
797      0.000      0.000      0.000
798      0.000      0.000      0.000
799      0.000      0.000      0.000
800      0.000      0.000      0.000
801      0.000      0.000      0.000
802      0.000      0.000      0.000
804      0.000      0.000      0.000
806      0.000      0.000      0.000
808      0.000      0.000      0.000
809      0.000      0.000      0.000
810      0.000      0.000      0.000
811      0.000      0.000      0.000
812      0.000      0.000      0.000
813      0.000      0.000      0.000
814      0.000      0.000      0.000
815      0.000      0.000      0.000
816      0.000      0.000      0.000
818      0.000      0.000      0.000
820      0.000      0.000      0.000
821      0.000      0.000      0.000
822      0.000      0.000      0.000
823      0.000      0.000      0.000
824      0.000      0.000      0.000
826      0.000      0.000      0.000
827      0.000      0.000      0.000
828      0.000      0.000      0.000
829      0.000      0.000      0.000
831      0.000      0.000      0.000
832      0.000      0.000      0.000
833      0.000      0.000      0.000
834      0.000      0.000      0.000
835      0.000      0.000      0.000
836      0.000      0.000      0.000
839      0.000      0.000      0.000
840      0.000      0.000      0.000
841      0.000      0.000      0.000
846      0.000      0.000      0.000
848      0.000      0.000      0.000
849      0.000      0.000      0.000
851      0.000      0.000      0.000
865      0.000      0.000      0.000
877      0.000      0.000      0.000
878      0.000      0.000      0.000
880      0.000      0.000      0.000
881      0.000      0.000      0.000
890      0.000      0.000      0.000
892      0.000      0.000      0.000
895      0.000      0.000      0.000
899      0.000      0.000      0.000
943      0.000      0.000      0.000
944      0.000      0.000      0.000
945      0.000      0.000      0.000
946      0.000      0.000      0.000
947      0.000      0.000      0.000
948      0.000      0.000      0.000
949      0.000      0.000      0.000
950      0.000      0.000      0.000
951      0.000      0.000      0.000
952      0.000      0.000      0.000
954      0.000      0.000      0.000
955      0.000      0.000      0.000
956      0.000      0.000      0.000
957      0.000      0.000      0.000
958      0.000      0.000      0.000
959      0.000      0.000      0.000
961      0.000      0.000      0.000
962      0.000      0.000      0.000
963      0.000      0.000      0.000
967      0.000      0.000      0.000
968      0.000      0.000      0.000
972      0.000      0.000      0.000
975      0.000      0.000      0.000
978      0.000      0.000      0.000
982      0.000      0.000      0.000
983      0.000      0.000      0.000
984      0.000      0.000      0.000
985      0.000      0.000      0.000
986      0.000      0.000      0.000
1000      0.000      0.000      0.000
1003      0.000      0.000      0.000
1005      0.000      0.000      0.000
1009      0.000      0.000      0.000
1013      0.000      0.000      0.000
1017      0.000      0.000      0.000
1021      0.000      0.000      0.000
1023      0.000      0.000      0.000
1024      0.000      0.000      0.000
1029      0.000      0.000      0.000
1030      0.000      0.000      0.000
1037      0.000      0.000      0.000
1040      0.000      0.000      0.000
1042      0.000      0.000      0.000
1045      0.000      0.000      0.000
1086      0.000      0.000      0.000
1087      0.000      0.000      0.000
1089      0.000      0.000      0.000
1090      0.000      0.000      0.000
1091      0.000      0.000      0.000
1093      0.000      0.000      0.000
1094      0.000      0.000      0.000
1095      0.000      0.000      0.000
1096      0.000      0.000      0.000
1097      0.000      0.000      0.000
1099      0.000      0.000      0.000
1100      0.000      0.000      0.000
1101      0.000      0.000      0.000
1102      0.000      0.000      0.000
1103      0.000      0.000      0.000
1104      0.000      0.000      0.000
1105      0.000      0.000      0.000
1106      0.000      0.000      0.000
1107      0.000      0.000      0.000
1108      0.000      0.000      0.000
1109      0.000      0.000      0.000
1110      0.000      0.000      0.000
1111      0.000      0.000      0.000
1112      0.000      0.000      0.000
1114      0.000      0.000      0.000
1115      0.000      0.000      0.000
1116      0.000      0.000      0.000
1117      0.000      0.000      0.000
1118      0.000      0.000      0.000
1120      0.000      0.000      0.000
1121      0.000      0.000      0.000
1122      0.000      0.000      0.000
1123      0.000      0.000      0.000
1132      0.000      0.000      0.000
1133      0.000      0.000      0.000
1137      0.000      0.000      0.000
1146      0.000      0.000      0.000
1147      0.000      0.000      0.000
1149      0.000      0.000      0.000
1152      0.000      0.000      0.000
1154      0.000      0.000      0.000
1155      0.000      0.000      0.000
1156      0.000      0.000      0.000
1157      0.000      0.000      0.000
1189      0.000      0.000      0.000
1190      0.000      0.000      0.000
1191      0.000      0.000      0.000
1192      0.000      0.000      0.000
1193      0.000      0.000      0.000
1194      0.000      0.000      0.000
1195      0.000      0.000      0.000
1196      0.000      0.000      0.000
1197      0.000      0.000      0.000
1201      0.000      0.000      0.000
1205      0.000      0.000      0.000
1207      0.000      0.000      0.000
1208      0.000      0.000      0.000
1209      0.000      0.000      0.000
1212      0.000      0.000      0.000
1219      0.000      0.000      0.000
1222      0.000      0.000      0.000
1224      0.000      0.000      0.000
1226      0.000      0.000      0.000
1227      0.000      0.000      0.000
1230      0.000      0.000      0.000
1231      0.000      0.000      0.000
1232      0.000      0.000      0.000
1233      0.000      0.000      0.000
1237      0.000      0.000      0.000
1239      0.000      0.000      0.000
1241      0.000      0.000      0.000
1242      0.000      0.000      0.000
1243      0.000      0.000      0.000
1245      0.000      0.000      0.000
1274      0.000      0.000      0.000
1275      0.000      0.000      0.000
1277      0.000      0.000      0.000
1278      0.000      0.000      0.000
1279      0.000      0.000      0.000
1280      0.000      0.000      0.000
1281      0.000      0.000      0.000
1283      0.000      0.000      0.000
1285      0.000      0.000      0.000
1286      0.000      0.000      0.000
1287      0.000      0.000      0.000
1288      0.000      0.000      0.000
1289      0.000      0.000      0.000
1290      0.000      0.000      0.000
1291      0.000      0.000      0.000
1295      0.000      0.000      0.000
1296      0.000      0.000      0.000
1299      0.000      0.000      0.000
1300      0.000      0.000      0.000
1301      0.000      0.000      0.000
1302      0.000      0.000      0.000
1304      0.000      0.000      0.000
1305      0.000      0.000      0.000
1306      0.000      0.000      0.000
1307      0.000      0.000      0.000
1309      0.000      0.000      0.000
1310      0.000      0.000      0.000
1315      0.000      0.000      0.000
1316      0.000      0.000      0.000
1343      0.000      0.000      0.000
1344      0.000      0.000      0.000
1345      0.000      0.000      0.000
1347      0.000      0.000      0.000
1348      0.000      0.000      0.000
1350      0.000      0.000      0.000
1351      0.000      0.000      0.000
1353      0.000      0.000      0.000
1355      0.000      0.000      0.000
1357      0.000      0.000      0.000
1359      0.000      0.000      0.000
1361      0.000      0.000      0.000
1364      0.000      0.000      0.000
1365      0.000      0.000      0.000
1367      0.000      0.000      0.000
1370      0.000      0.000      0.000
1374      0.000      0.000      0.000
1375      0.000      0.000      0.000
1376      0.000      0.000      0.000
1378      0.000      0.000      0.000
1379      0.000      0.000      0.000
1381      0.000      0.000      0.000
1382      0.000      0.000      0.000
1411      0.000      0.000      0.000
1413      0.000      0.000      0.000
1414      0.000      0.000      0.000
1415      0.000      0.000      0.000
1416      0.000      0.000      0.000
1418      0.000      0.000      0.000
1420      0.000      0.000      0.000
1421      0.000      0.000      0.000
1423      0.000      0.000      0.000
1427      0.000      0.000      0.000
1432      0.000      0.000      0.000
1434      0.000      0.000      0.000
1435      0.000      0.000      0.000
1436      0.000      0.000      0.000
1439      0.000      0.000      0.000
1440      0.000      0.000      0.000
1442      0.000      0.000      0.000
1444      0.000      0.000      0.000
1445      0.000      0.000      0.000
1447      0.000      0.000      0.000
1449      0.000      0.000      0.000
1450      0.000      0.000      0.000
1451      0.000      0.000      0.000
1452      0.000      0.000      0.000
1481      0.000      0.000      0.000
1482      0.000      0.000      0.000
1484      0.000      0.000      0.000
1486      0.000      0.000      0.000
1487      0.000      0.000      0.000
1489      0.000      0.000      0.000
1491      0.000      0.000      0.000
1492      0.000      0.000      0.000
1494      0.000      0.000      0.000
1497      0.000      0.000      0.000
1499      0.000      0.000      0.000
1500      0.000      0.000      0.000
1501      0.000      0.000      0.000
1503      0.000      0.000      0.000
1505      0.000      0.000      0.000
1506      0.000      0.000      0.000
1507      0.000      0.000      0.000
1511      0.000      0.000      0.000
1512      0.000      0.000      0.000
1516      0.000      0.000      0.000
1517      0.000      0.000      0.000
1519      0.000      0.000      0.000
1520      0.000      0.000      0.000
1521      0.000      0.000      0.000
1523      0.000      0.000      0.000
1524      0.000      0.000      0.000
1525      0.000      0.000      0.000
1526      0.000      0.000      0.000
1562      0.000      0.000      0.000
1563      0.000      0.000      0.000
1565      0.000      0.000      0.000
1566      0.000      0.000      0.000
1568      0.000      0.000      0.000
1571      0.000      0.000      0.000
1572      0.000      0.000      0.000
1575      0.000      0.000      0.000
1577      0.000      0.000      0.000
1578      0.000      0.000      0.000
1580      0.000      0.000      0.000
1581      0.000      0.000      0.000
1585      0.000      0.000      0.000
1588      0.000      0.000      0.000
1590      0.000      0.000      0.000
1592      0.000      0.000      0.000
1593      0.000      0.000      0.000
1595      0.000      0.000      0.000
1630      0.000      0.000      0.000
1631      0.000      0.000      0.000
1632      0.000      0.000      0.000
1635      0.000      0.000      0.000
1637      0.000      0.000      0.000
1638      0.000      0.000      0.000
1640      0.000      0.000      0.000
1643      0.000      0.000      0.000
1646      0.000      0.000      0.000
1647      0.000      0.000      0.000
1648      0.000      0.000      0.000
1649      0.000      0.000      0.000
1650      0.000      0.000      0.000
1651      0.000      0.000      0.000
1652      0.000      0.000      0.000
1654      0.000      0.000      0.000
1655      0.000      0.000      0.000
1656      0.000      0.000      0.000
1658      0.000      0.000      0.000
1659      0.000      0.000      0.000
1661      0.000      0.000      0.000
1662      0.000      0.000      0.000
1664      0.000      0.000      0.000
1665      0.000      0.000      0.000
1701      0.000      0.000      0.000
1702      0.000      0.000      0.000
1704      0.000      0.000      0.000
1707      0.000      0.000      0.000
1709      0.000      0.000      0.000
1711      0.000      0.000      0.000
1716      0.000      0.000      0.000
1717      0.000      0.000      0.000
1718      0.000      0.000      0.000
1720      0.000      0.000      0.000
1722      0.000      0.000      0.000
1723      0.000      0.000      0.000
1725      0.000      0.000      0.000
1727      0.000      0.000      0.000
1754      0.000      0.000      0.000
1755      0.000      0.000      0.000
1757      0.000      0.000      0.000
1759      0.000      0.000      0.000
1761      0.000      0.000      0.000
1762      0.000      0.000      0.000
1763      0.000      0.000      0.000
1764      0.000      0.000      0.000
1768      0.000      0.000      0.000
1770      0.000      0.000      0.000
1771      0.000      0.000      0.000
1772      0.000      0.000      0.000
1773      0.000      0.000      0.000
1775      0.000      0.000      0.000
1776      0.000      0.000      0.000
1777      0.000      0.000      0.000
1778      0.000      0.000      0.000
1779      0.000      0.000      0.000
1780      0.000      0.000      0.000
1781      0.000      0.000      0.000
1816      0.000      0.000      0.000
1817      0.000      0.000      0.000
1819      0.000      0.000      0.000
1821      0.000      0.000      0.000
1823      0.000      0.000      0.000
1824      0.000      0.000      0.000
1828      0.000      0.000      0.000
1830      0.000      0.000      0.000
1832      0.000      0.000      0.000
1834      0.000      0.000      0.000
1836      0.000      0.000      0.000
1837      0.000      0.000      0.000
1872      0.000      0.000      0.000
1873      0.000      0.000      0.000
1874      0.000      0.000      0.000
1875      0.000      0.000      0.000
1876      0.000      0.000      0.000
1877      0.000      0.000      0.000
1879      0.000      0.000      0.000
1881      0.000      0.000      0.000
1882      0.000      0.000      0.000
1883      0.000      0.000      0.000
1884      0.000      0.000      0.000
1885      0.000      0.000      0.000
1886      0.000      0.000      0.000
1887      0.000      0.000      0.000
1888      0.000      0.000      0.000
1894      0.000      0.000      0.000
1896      0.000      0.000      0.000
1898      0.000      0.000      0.000
1899      0.000      0.000      0.000
1900      0.000      0.000      0.000
1901      0.000      0.000      0.000
1902      0.000      0.000      0.000
1903      0.000      0.000      0.000
1904      0.000      0.000      0.000
1947      0.000      0.000      0.000
1948      0.000      0.000      0.000
1949      0.000      0.000      0.000
1950      0.000      0.000      0.000
1952      0.000      0.000      0.000
1954      0.000      0.000      0.000
1955      0.000      0.000      0.000
1956      0.000      0.000      0.000
1957      0.000      0.000      0.000
1959      0.000      0.000      0.000
1962      0.000      0.000      0.000
1963      0.000      0.000      0.000
1966      0.000      0.000      0.000
1967      0.000      0.000      0.000
1968      0.000      0.000      0.000
1969      0.000      0.000      0.000
2003      0.000      0.000      0.000
2004      0.000      0.000      0.000
2006      0.000      0.000      0.000
2007      0.000      0.000      0.000
2009      0.000      0.000      0.000
2010      0.000      0.000      0.000
2011      0.000      0.000      0.000
2012      0.000      0.000      0.000
2014      0.000      0.000      0.000
2015      0.000      0.000      0.000
2016      0.000      0.000      0.000
2017      0.000      0.000      0.000
2018      0.000      0.000      0.000
2020      0.000      0.000      0.000
2022      0.000      0.000      0.000
2023      0.000      0.000      0.000
2024      0.000      0.000      0.000
2025      0.000      0.000      0.000
2062      0.000      0.000      0.000
2063      0.000      0.000      0.000
2064      0.000      0.000      0.000
2066      0.000      0.000      0.000
2067      0.000      0.000      0.000
2068      0.000      0.000      0.000
2069      0.000      0.000      0.000
2070      0.000      0.000      0.000
2071      0.000      0.000      0.000
2072      0.000      0.000      0.000
2073      0.000      0.000      0.000
2074      0.000      0.000      0.000
2075      0.000      0.000      0.000
2076      0.000      0.000      0.000
2077      0.000      0.000      0.000
2079      0.000      0.000      0.000
2080      0.000      0.000      0.000
2081      0.000      0.000      0.000
2082      0.000      0.000      0.000
2083      0.000      0.000      0.000
2084      0.000      0.000      0.000
2085      0.000      0.000      0.000
2088      0.000      0.000      0.000
2089      0.000      0.000      0.000
2297      0.000      0.000      0.000
2298      0.000      0.000      0.000
1424      0.000      0.000      0.000
2301      0.000      0.000      0.000
2307      0.000      0.000      0.000
2308      0.000      0.000      0.000
2309      0.000      0.000      0.000
2214      0.000      0.000      0.000
2310      0.000      0.000      0.000
2215      0.000      0.000      0.000
2311      0.000      0.000      0.000
2312      0.000      0.000      0.000
2195      0.000      0.000      0.000
2197      0.000      0.000      0.000
2198      0.000      0.000      0.000
2319      0.000      0.000      0.000
2203      0.000      0.000      0.000
2249      0.000      0.000      0.000
2306      0.000      0.000      0.000
2318      0.000      0.000      0.000
2248      0.000      0.000      0.000
2300      0.000      0.000      0.000
2227      0.000      0.000      0.000
2244      0.000      0.000      0.000
2316      0.000      0.000      0.000
2317      0.000      0.000      0.000
