C Klin
Nnodes, Nelem, nodeOffset, elemOffset (4I6)
     8     1     9     2
         9  0 0 0 1 1 1 1 1      -0.30000001       1.64000000       8.20000002 1 1 1
        10  0 0 0 1 1 1 1 1      -0.30000001       3.84000000       8.20000002 1 1 1
        11  0 0 0 1 1 1 1 1      -0.30000001       1.64000000       7.60000000 1 1 1
        12  0 0 0 1 1 1 1 1      -0.30000001       3.84000000       7.60000000 1 1 1
        13  0 0 0 1 1 1 1 1       0.30000001       1.64000000       8.20000002 1 1 1
        14  0 0 0 1 1 1 1 1       0.30000001       3.84000000       8.20000002 1 1 1
        15  0 0 0 1 1 1 1 1       0.30000001       1.64000000       7.60000000 1 1 1
        16  0 0 0 1 1 1 1 1       0.30000001       3.84000000       7.60000000 1 1 1
C 
C Klin Elements
         2        13        15        16        14         9        11        12        10         3
C Klin
C Broj fejsova, kontaktni par
    1    1  5.0e-003
C Balon iznutra
         2        11         9        13        15         2
C  Dodatni cvorovi i elementi
   0   0    0
C /9/ NUMBER PRESCRIBED VALUES - NUMZAD (I5)
   12
C
        16    1    1  0.000000
        16    2    1 -1.000000
        16    3    1  0.000000
        14    1    1  0.000000
        14    2    1 -1.000000
        14    3    1  0.000000
        10    1    1  0.000000
        10    2    1 -1.000000
        10    3    1  0.000000
        12    1    1  0.000000
        12    2    1 -1.000000
        12    3    1  0.000000
STOP