C Ploca
Nnodes, Nelem, nodeOffset, elemOffset (4I6)
     8     1     1     1
         1  1 1 1 1 1 1 1 1      -2.00000000      -1.84000000      15.90000000 1 1 1
         2  0 0 0 1 1 1 1 1      -2.00000000      -1.64000000      15.90000000 1 1 1
         3  1 1 1 1 1 1 1 1      -2.00000000      -1.84000000      -0.10000000 1 1 1
         4  0 0 0 1 1 1 1 1      -2.00000000      -1.64000000      -0.10000000 1 1 1
         5  1 1 1 1 1 1 1 1       2.00000000      -1.84000000      15.90000000 1 1 1
         6  0 0 0 1 1 1 1 1       2.00000000      -1.64000000      15.90000000 1 1 1
         7  1 1 1 1 1 1 1 1       2.00000000      -1.84000000      -0.10000000 1 1 1
         8  0 0 0 1 1 1 1 1       2.00000000      -1.64000000      -0.10000000 1 1 1
C  
C Ploca Elements
         1         5         7         8         6         1         3         4         2         3
C Ploca
C Broj fejsova, kontaktni par
    1    1  5.0e-003
C Balon iznutra
         1         8         6         2         4         2
STOP