C  Dodatni cvorovi i elementi
    8    2  2161 43141
C  Renuvia - dodatni cvorovi
     43141  1 1 1 1 1 1 1 1      -0.03943055       1.62743333      -2.00320253 1 1 1
     43142  1 1 1 1 1 1 1 1       1.56038668       0.39906051      -2.01699266 1 1 1
     43143  1 1 1 1 1 1 1 1      -0.54872511      -1.53266082      -2.00319108 1 1 1
     43144  1 1 1 1 1 1 1 1      -1.63193843       0.16880400      -2.01699647 1 1 1
     43145  1 1 1 1 1 1 1 1      -1.46210503       0.70911809      17.77900470 1 1 1
     43146  1 1 1 1 1 1 1 1      -0.95224922      -1.31678824      17.77898950 1 1 1
     43147  1 1 1 1 1 1 1 1       1.13142491      -1.16649357      17.77898190 1 1 1
     43148  1 1 1 1 1 1 1 1       1.34521950       0.91161646      17.77899710 1 1 1
C  Renuvia - dodatni elementi
     17509      6182      5472      2408      3813     43141     43144     43143     43142         4
     17510     10097      7868     12000     10835     43145     43148     43147     43146         4
C  Zadate vrednosti
    0
STOP
