C PointsNum,MaxElemVol,TetGenParams,nAtrib,IndMov,MDMaxVolume,MDomDiv,MDOnly,MDDivF,MDPrescP
  104    1.000000e+04 YYpznno2q1.414a     0     0    1.000000e+00     1     0     0     0     0     0 YYpznno2q1.414a
  -1.900000000e+01   0.000000000e+00   2.326828918e-15
  -1.650000000e+01   0.000000000e+00   1.408343819e-15
  -1.755371112e+01   0.000000000e+00   7.270985215e+00
  -1.519106912e+01   0.000000000e+00   5.049706170e+00
  -1.400000000e+01   0.000000000e+00   4.898587197e-16
  -1.282842712e+01   0.000000000e+00   2.828427125e+00
  -1.343502884e+01   0.000000000e+00   1.343502884e+01
  -1.171751442e+01   0.000000000e+00   8.717514421e+00
  -1.000000000e+01   0.000000000e+00   4.000000000e+00
  -7.171572875e+00   0.000000000e+00   2.828427125e+00
  -5.822849582e+00   0.000000000e+00   6.071685038e+00
  -6.000000000e+00   0.000000000e+00   0.000000000e+00
  -3.500000000e+00   0.000000000e+00   0.000000000e+00
  -4.474126289e+00   0.000000000e+00   9.314942952e+00
  -1.000000000e+00   0.000000000e+00   0.000000000e+00
  -7.270985215e+00   0.000000000e+00   1.755371112e+01
  -2.808609403e-01   0.000000000e+00   1.557799483e+01
   3.412404408e+00   0.000000000e+00   9.668653314e+00
   1.163414459e-15   0.000000000e+00   1.900000000e+01
   7.270985215e+00   0.000000000e+00   1.755371112e+01
   1.343502884e+01   0.000000000e+00   1.343502884e+01
   1.500000000e+00   0.000000000e+00   1.190052293e-15
   4.584881861e+00   0.000000000e+00   6.955647001e+00
   4.000000000e+00   0.000000000e+00   7.347880795e-16
   5.757359313e+00   0.000000000e+00   4.242640687e+00
   1.171751442e+01   0.000000000e+00   9.717514421e+00
   1.000000000e+01   0.000000000e+00   6.000000000e+00
   1.424264069e+01   0.000000000e+00   4.242640687e+00
   1.589817590e+01   0.000000000e+00   5.756812951e+00
   1.600000000e+01   0.000000000e+00   0.000000000e+00
   1.750000000e+01   0.000000000e+00   0.000000000e+00
   1.755371112e+01   0.000000000e+00   7.270985215e+00
   1.900000000e+01   0.000000000e+00   0.000000000e+00
  -1.200000000e+01   0.000000000e+00   2.449293598e-16
  -1.000000000e+01   0.000000000e+00   1.828427125e+00
  -1.000000000e+01   0.000000000e+00   0.000000000e+00
  -8.000000000e+00   0.000000000e+00   0.000000000e+00
   1.000000000e+01   0.000000000e+00   4.242640687e+00
   1.000000000e+01   0.000000000e+00   0.000000000e+00
  -1.755371112e+01   0.000000000e+00  -7.270985215e+00
  -1.519106912e+01   0.000000000e+00  -5.049706170e+00
  -1.282842712e+01   0.000000000e+00  -2.828427125e+00
  -1.343502884e+01   0.000000000e+00  -1.343502884e+01
  -1.171751442e+01   0.000000000e+00  -8.717514421e+00
  -1.000000000e+01   0.000000000e+00  -4.000000000e+00
  -7.171572875e+00   0.000000000e+00  -2.828427125e+00
  -5.822849582e+00   0.000000000e+00  -6.071685038e+00
  -4.474126289e+00   0.000000000e+00  -9.314942952e+00
  -7.270985215e+00   0.000000000e+00  -1.755371112e+01
  -2.808609403e-01   0.000000000e+00  -1.557799483e+01
   3.412404408e+00   0.000000000e+00  -9.668653314e+00
   1.163414459e-15   0.000000000e+00  -1.900000000e+01
   7.270985215e+00   0.000000000e+00  -1.755371112e+01
   1.343502884e+01   0.000000000e+00  -1.343502884e+01
   4.584881861e+00   0.000000000e+00  -6.955647001e+00
   5.757359313e+00   0.000000000e+00  -4.242640687e+00
   1.171751442e+01   0.000000000e+00  -9.717514421e+00
   1.000000000e+01   0.000000000e+00  -6.000000000e+00
   1.424264069e+01   0.000000000e+00  -4.242640687e+00
   1.589817590e+01   0.000000000e+00  -5.756812951e+00
   1.755371112e+01   0.000000000e+00  -7.270985215e+00
  -1.000000000e+01   0.000000000e+00  -1.828427125e+00
   1.000000000e+01   0.000000000e+00  -4.242640687e+00
   1.078514069e-15  -1.837500000e+01   1.761347141e+01
   6.071091486e+00  -1.837500000e+01   1.653409275e+01
   1.139809268e+01  -1.837500000e+01   1.342824852e+01
   3.560031655e-15  -3.675000000e+01   1.256731873e+01
   4.809304666e+00  -3.675000000e+01   1.161068855e+01
   8.886436294e+00  -3.675000000e+01   8.886436294e+00
   1.563237288e+01  -2.024623961e+01   7.416014387e+00
   1.695433239e+01  -2.211747921e+01  -2.671192065e-08
   1.010117268e+01  -3.946317966e+01   4.981325030e+00
   9.671786899e+00  -4.217635932e+01   5.060088127e-15
   2.605676363e-15  -4.287500000e+01   9.198335447e+00
   6.204905544e+00  -4.186429609e+01   7.680220917e+00
   0.000000000e+00  -4.900000000e+01   0.000000000e+00
   5.400968939e+00  -4.697859218e+01   4.731413445e-07
  -6.071091486e+00  -1.837500000e+01   1.653409275e+01
  -1.139809268e+01  -1.837500000e+01   1.342824852e+01
  -4.809304666e+00  -3.675000000e+01   1.161068855e+01
  -8.886436294e+00  -3.675000000e+01   8.886436294e+00
  -1.563237288e+01  -2.024623961e+01   7.416014387e+00
  -1.695433239e+01  -2.211747921e+01  -2.671192065e-08
  -1.010117268e+01  -3.946317966e+01   4.981325030e+00
  -9.671786899e+00  -4.217635932e+01   5.060088127e-15
  -6.204905544e+00  -4.186429609e+01   7.680220917e+00
  -5.400968939e+00  -4.697859218e+01   4.731413445e-07
   1.078514069e-15  -1.837500000e+01  -1.761347141e+01
   6.071091486e+00  -1.837500000e+01  -1.653409275e+01
   1.139809268e+01  -1.837500000e+01  -1.342824852e+01
   3.560031655e-15  -3.675000000e+01  -1.256731873e+01
   4.809304666e+00  -3.675000000e+01  -1.161068855e+01
   8.886436294e+00  -3.675000000e+01  -8.886436294e+00
   1.563237288e+01  -2.024623961e+01  -7.416014387e+00
   1.010117268e+01  -3.946317966e+01  -4.981325030e+00
   2.605676363e-15  -4.287500000e+01  -9.198335447e+00
   6.204905544e+00  -4.186429609e+01  -7.680220917e+00
  -6.071091486e+00  -1.837500000e+01  -1.653409275e+01
  -1.139809268e+01  -1.837500000e+01  -1.342824852e+01
  -4.809304666e+00  -3.675000000e+01  -1.161068855e+01
  -8.886436294e+00  -3.675000000e+01  -8.886436294e+00
  -1.563237288e+01  -2.024623961e+01  -7.416014387e+00
  -1.010117268e+01  -3.946317966e+01  -4.981325030e+00
  -6.204905544e+00  -4.186429609e+01  -7.680220917e+00
C Number of facets
  204
C  Size  Node 1  ......Node N Marker
    3    0    1    2    1
    3    1    3    2    1
    3    1    4    3    1
    3    4    5    3    1
    3    2    3    6    1
    3    3    7    6    1
    3    3    5    7    1
    3    5    8    7    1
    3    8    9    7    1
    3    9   10    7    1
    3    9   11   10    1
    3   11   12   10    1
    3    7   10    6    1
    3   10   13    6    1
    3   10   12   13    1
    3   12   14   13    1
    3    6   13   15    1
    3   13   16   15    1
    3   13   14   16    1
    3   14   17   16    1
    3   15   16   18    1
    3   16   19   18    1
    3   16   17   19    1
    3   17   20   19    1
    3   14   21   17    1
    3   21   22   17    1
    3   21   23   22    1
    3   23   24   22    1
    3   17   22   20    1
    3   22   25   20    1
    3   22   24   25    1
    3   24   26   25    1
    3   26   27   25    1
    3   27   28   25    1
    3   27   29   28    1
    3   29   30   28    1
    3   25   28   20    1
    3   28   31   20    1
    3   28   30   31    1
    3   30   32   31    1
    3    4   33    5    4
    3   33   34    5    4
    3   33   35   34    4
    3   35   36   34    4
    3    5   34    8    4
    3   34    9    8    4
    3   34   36    9    4
    3   36   11    9    4
    3   24   37   26    3
    3   37   27   26    3
    3   23   38   24    3
    3   38   37   24    3
    3   29   38   27    3
    3   38   37   27    3
    3    0    1   39    1
    3    1   40   39    1
    3    1    4   40    1
    3    4   41   40    1
    3   39   40   42    1
    3   40   43   42    1
    3   40   41   43    1
    3   41   44   43    1
    3   44   45   43    1
    3   45   46   43    1
    3   45   11   46    1
    3   11   12   46    1
    3   43   46   42    1
    3   46   47   42    1
    3   46   12   47    1
    3   12   14   47    1
    3   42   47   48    1
    3   47   49   48    1
    3   47   14   49    1
    3   14   50   49    1
    3   48   49   51    1
    3   49   52   51    1
    3   49   50   52    1
    3   50   53   52    1
    3   14   21   50    1
    3   21   54   50    1
    3   21   23   54    1
    3   23   55   54    1
    3   50   54   53    1
    3   54   56   53    1
    3   54   55   56    1
    3   55   57   56    1
    3   57   58   56    1
    3   58   59   56    1
    3   58   29   59    1
    3   29   30   59    1
    3   56   59   53    1
    3   59   60   53    1
    3   59   30   60    1
    3   30   32   60    1
    3    4   33   41    4
    3   33   61   41    4
    3   33   35   61    4
    3   35   36   61    4
    3   41   61   44    4
    3   61   45   44    4
    3   61   36   45    4
    3   36   11   45    4
    3   55   62   57    3
    3   62   58   57    3
    3   23   38   55    3
    3   38   62   55    3
    3   29   38   58    3
    3   38   62   58    3
    3   18   19   63 1001
    3   19   64   63 1001
    3   19   20   64 1001
    3   20   65   64 1001
    3   63   64   66 1001
    3   64   67   66 1001
    3   64   65   67 1001
    3   65   68   67 1001
    3   20   31   65 1001
    3   31   69   65 1001
    3   31   32   69 1001
    3   32   70   69 1001
    3   65   69   68 1001
    3   69   71   68 1001
    3   69   70   71 1001
    3   70   72   71 1001
    3   66   67   73 1001
    3   67   74   73 1001
    3   67   68   74 1001
    3   68   71   74 1001
    3   73   74   75 1001
    3   74   76   75 1001
    3   74   71   76 1001
    3   71   72   76 1001
    3   18   15   63 1001
    3   15   77   63 1001
    3   15    6   77 1001
    3    6   78   77 1001
    3   63   77   66 1001
    3   77   79   66 1001
    3   77   78   79 1001
    3   78   80   79 1001
    3    6    2   78 1001
    3    2   81   78 1001
    3    2    0   81 1001
    3    0   82   81 1001
    3   78   81   80 1001
    3   81   83   80 1001
    3   81   82   83 1001
    3   82   84   83 1001
    3   66   79   73 1001
    3   79   85   73 1001
    3   79   80   85 1001
    3   80   83   85 1001
    3   73   85   75 1001
    3   85   86   75 1001
    3   85   83   86 1001
    3   83   84   86 1001
    3   51   52   87 1001
    3   52   88   87 1001
    3   52   53   88 1001
    3   53   89   88 1001
    3   87   88   90 1001
    3   88   91   90 1001
    3   88   89   91 1001
    3   89   92   91 1001
    3   53   60   89 1001
    3   60   93   89 1001
    3   60   32   93 1001
    3   32   70   93 1001
    3   89   93   92 1001
    3   93   94   92 1001
    3   93   70   94 1001
    3   70   72   94 1001
    3   90   91   95 1001
    3   91   96   95 1001
    3   91   92   96 1001
    3   92   94   96 1001
    3   95   96   75 1001
    3   96   76   75 1001
    3   96   94   76 1001
    3   94   72   76 1001
    3   51   48   87 1001
    3   48   97   87 1001
    3   48   42   97 1001
    3   42   98   97 1001
    3   87   97   90 1001
    3   97   99   90 1001
    3   97   98   99 1001
    3   98  100   99 1001
    3   42   39   98 1001
    3   39  101   98 1001
    3   39    0  101 1001
    3    0   82  101 1001
    3   98  101  100 1001
    3  101  102  100 1001
    3  101   82  102 1001
    3   82   84  102 1001
    3   90   99   95 1001
    3   99  103   95 1001
    3   99  100  103 1001
    3  100  102  103 1001
    3   95  103   75 1001
    3  103   86   75 1001
    3  103  102   86 1001
    3  102   84   86 1001
C Prescribed Values(Inlet, Outlet)
       0        3
C Inlet Velocity
C     Vx,           Vy,            Vz,    indVx,indVy,indVz, FunID (3E18.9, 4I5)
   0.000000000e+00  -1.000000000e+00   0.000000000e+00    1    1    1    1
C Outlet Velocity
C     Vx,           Vy,            Vz,    indVx,indVy,indVz, FunID(3E18.9, 4I5)
   0.000000000e+00   0.000000000e+00   0.000000000e+00    1    1    1    1
C Outlet Pressure (E18.9,I5)
   0.000000000e+00    1
C Region List
