 3.85314e-002  1.20028e-002
 8.85314e-002  1.20025e-002
 1.38531e-001  1.20022e-002
 1.88531e-001  1.20019e-002
 2.38531e-001  1.20016e-002
 2.88531e-001  1.20013e-002
 3.38531e-001  1.20009e-002
 3.88531e-001  1.20006e-002
 4.38531e-001  1.20003e-002
 4.88531e-001  1.20000e-002
 5.38531e-001  1.19997e-002
 5.88531e-001  1.19994e-002
 6.38531e-001  1.19991e-002
 6.88531e-001  1.19988e-002
 7.38531e-001  1.19984e-002
 7.88531e-001  1.19981e-002
 8.38531e-001  1.19978e-002
 8.88531e-001  1.19975e-002
 9.38531e-001  1.19972e-002
 9.88531e-001  1.19969e-002
 1.03853e+000  1.19966e-002
 1.08853e+000  1.19963e-002
 1.13853e+000  1.19959e-002
 1.18853e+000  1.19956e-002
 1.23853e+000  1.19953e-002
 1.28853e+000  1.19950e-002
 1.33853e+000  1.19947e-002
 1.38853e+000  1.19944e-002
 1.43853e+000  1.19941e-002
 1.48853e+000  1.19938e-002
 1.53853e+000  1.19935e-002
 1.58853e+000  1.19932e-002
 1.63853e+000  1.19929e-002
 1.68853e+000  1.19926e-002
 1.73853e+000  1.19923e-002
 1.78853e+000  1.19921e-002
 1.83853e+000  1.19918e-002
 1.88853e+000  1.19916e-002
 1.93853e+000  1.19914e-002
 1.98853e+000  1.19912e-002
 2.03853e+000  1.19910e-002
 2.08853e+000  1.19909e-002
 2.13853e+000  1.19908e-002
 2.18853e+000  1.19907e-002
 2.23853e+000  1.19906e-002
 2.28853e+000  1.19907e-002
 2.33853e+000  1.19907e-002
 2.38853e+000  1.19908e-002
 2.43853e+000  1.19909e-002
 2.48853e+000  1.19912e-002
 2.53853e+000  1.19914e-002
 2.58853e+000  1.19917e-002
 2.63853e+000  1.19921e-002
 2.68853e+000  1.19926e-002
 2.73853e+000  1.19931e-002
 2.78853e+000  1.19937e-002
 2.83853e+000  1.19944e-002
 2.88853e+000  1.19952e-002
 2.93853e+000  1.19960e-002
 2.98853e+000  1.19969e-002
 3.03853e+000  1.19979e-002
 3.08853e+000  1.19990e-002
 3.13853e+000  1.20002e-002
 3.18853e+000  1.20014e-002
 3.23853e+000  1.20028e-002
 3.28853e+000  1.20042e-002
 3.33853e+000  1.20057e-002
 3.38853e+000  1.20073e-002
 3.43853e+000  1.20090e-002
 3.48853e+000  1.20108e-002
 3.53853e+000  1.20126e-002
 3.58853e+000  1.20146e-002
 3.63853e+000  1.20166e-002
 3.68853e+000  1.20187e-002
 3.73853e+000  1.20209e-002
 3.78853e+000  1.20232e-002
 3.83853e+000  1.20255e-002
 3.88853e+000  1.20279e-002
 3.93853e+000  1.20304e-002
 3.98853e+000  1.20330e-002
 4.03853e+000  1.20357e-002
 4.08853e+000  1.20384e-002
 4.13853e+000  1.20412e-002
 4.18853e+000  1.20441e-002
 4.23853e+000  1.20470e-002
 4.28853e+000  1.20500e-002
 4.33853e+000  1.20531e-002
 4.38853e+000  1.20562e-002
 4.43853e+000  1.20594e-002
 4.48853e+000  1.20626e-002
 4.53853e+000  1.20659e-002
 4.58853e+000  1.20693e-002
 4.63853e+000  1.20727e-002
 4.68853e+000  1.20762e-002
 4.73853e+000  1.20797e-002
 4.78853e+000  1.20833e-002
 4.83853e+000  1.20869e-002
 4.88853e+000  1.20906e-002
 4.93853e+000  1.20944e-002
 4.98853e+000  1.20981e-002
 5.03853e+000  1.21020e-002
 5.08853e+000  1.21058e-002
 5.13853e+000  1.21098e-002
 5.18853e+000  1.21137e-002
 5.23853e+000  1.21177e-002
 5.28853e+000  1.21218e-002
 5.33853e+000  1.21259e-002
 5.38853e+000  1.21300e-002
 5.43853e+000  1.21341e-002
 5.48853e+000  1.21383e-002
 5.53853e+000  1.21426e-002
 5.58853e+000  1.21468e-002
 5.63853e+000  1.21511e-002
 5.68853e+000  1.21555e-002
 5.73853e+000  1.21598e-002
 5.78853e+000  1.21642e-002
 5.83853e+000  1.21687e-002
 5.88853e+000  1.21731e-002
 5.93853e+000  1.21776e-002
 5.98853e+000  1.21821e-002
 6.03853e+000  1.21867e-002
 6.08853e+000  1.21912e-002
 6.13853e+000  1.21958e-002
 6.18853e+000  1.22005e-002
 6.23853e+000  1.22051e-002
 6.28853e+000  1.22098e-002
 6.33853e+000  1.22145e-002
 6.38853e+000  1.22192e-002
 6.43853e+000  1.22240e-002
 6.48853e+000  1.22287e-002
 6.53853e+000  1.22335e-002
 6.58853e+000  1.22383e-002
 6.63853e+000  1.22431e-002
 6.68853e+000  1.22480e-002
 6.73853e+000  1.22529e-002
 6.78853e+000  1.22577e-002
 6.83853e+000  1.22626e-002
 6.88853e+000  1.22676e-002
 6.93853e+000  1.22725e-002
 6.98853e+000  1.22775e-002
 7.03853e+000  1.22824e-002
 7.08853e+000  1.22874e-002
 7.13853e+000  1.22924e-002
 7.18853e+000  1.22975e-002
 7.23853e+000  1.23025e-002
 7.28853e+000  1.23075e-002
 7.33853e+000  1.23126e-002
 7.38853e+000  1.23177e-002
 7.43853e+000  1.23228e-002
 7.48853e+000  1.23279e-002
 7.53853e+000  1.23330e-002
 7.58853e+000  1.23381e-002
 7.63853e+000  1.23433e-002
 7.68853e+000  1.23484e-002
 7.73853e+000  1.23536e-002
 7.78853e+000  1.23587e-002
 7.83853e+000  1.23639e-002
 7.88853e+000  1.23691e-002
 7.93853e+000  1.23743e-002
 7.98853e+000  1.23795e-002
 8.03853e+000  1.23848e-002
 8.08853e+000  1.23900e-002
 8.13853e+000  1.23952e-002
 8.18853e+000  1.24005e-002
 8.23853e+000  1.24057e-002
 8.28853e+000  1.24110e-002
 8.33853e+000  1.24163e-002
 8.38853e+000  1.24216e-002
 8.43853e+000  1.24268e-002
 8.48853e+000  1.24321e-002
 8.53853e+000  1.24374e-002
 8.58853e+000  1.24427e-002
 8.63853e+000  1.24481e-002
 8.68853e+000  1.24534e-002
 8.73853e+000  1.24587e-002
 8.78853e+000  1.24640e-002
 8.83853e+000  1.24694e-002
 8.88853e+000  1.24747e-002
 8.93853e+000  1.24801e-002
 8.98853e+000  1.24854e-002
 9.03853e+000  1.24908e-002
 9.08853e+000  1.24961e-002
 9.13853e+000  1.25015e-002
 9.18853e+000  1.25069e-002
 9.23853e+000  1.25122e-002
 9.28853e+000  1.25176e-002
 9.33853e+000  1.25230e-002
 9.38853e+000  1.25284e-002
 9.43853e+000  1.25338e-002
 9.48853e+000  1.25392e-002
 9.53853e+000  1.25446e-002
 9.58853e+000  1.25500e-002
 9.63853e+000  1.25554e-002
 9.68853e+000  1.25608e-002
 9.73853e+000  1.25662e-002
 9.78853e+000  1.25716e-002
 9.83853e+000  1.25770e-002
 9.88853e+000  1.25824e-002
 9.93853e+000  1.25878e-002
 9.98853e+000  1.25932e-002
 1.00385e+001  1.25986e-002
 1.00885e+001  1.26040e-002
 1.01385e+001  1.26095e-002
 1.01885e+001  1.26149e-002
 1.02385e+001  1.26203e-002
 1.02885e+001  1.26257e-002
 1.03385e+001  1.26311e-002
 1.03885e+001  1.26366e-002
 1.04385e+001  1.26420e-002
 1.04885e+001  1.26474e-002
 1.05385e+001  1.26528e-002
 1.05885e+001  1.26583e-002
 1.06385e+001  1.26637e-002
 1.06885e+001  1.26691e-002
 1.07385e+001  1.26745e-002
 1.07885e+001  1.26800e-002
 1.08385e+001  1.26854e-002
 1.08885e+001  1.26908e-002
 1.09385e+001  1.26962e-002
 1.09885e+001  1.27016e-002
 1.10385e+001  1.27071e-002
 1.10885e+001  1.27125e-002
 1.11385e+001  1.27179e-002
 1.11885e+001  1.27233e-002
 1.12385e+001  1.27287e-002
 1.12885e+001  1.27342e-002
 1.13385e+001  1.27396e-002
 1.13885e+001  1.27450e-002
 1.14385e+001  1.27504e-002
 1.14885e+001  1.27558e-002
 1.15385e+001  1.27612e-002
 1.15885e+001  1.27666e-002
 1.16385e+001  1.27720e-002
 1.16885e+001  1.27774e-002
 1.17385e+001  1.27828e-002
 1.17885e+001  1.27882e-002
 1.18385e+001  1.27936e-002
 1.18885e+001  1.27990e-002
 1.19385e+001  1.28044e-002
 1.19885e+001  1.28098e-002
 1.20385e+001  1.28152e-002
 1.20885e+001  1.28206e-002
 1.21385e+001  1.28260e-002
 1.21885e+001  1.28314e-002
 1.22385e+001  1.28367e-002
 1.22885e+001  1.28421e-002
 1.23385e+001  1.28475e-002
 1.23885e+001  1.28529e-002
 1.24385e+001  1.28582e-002
 1.24885e+001  1.28636e-002
 1.25385e+001  1.28690e-002
 1.25885e+001  1.28743e-002
 1.26385e+001  1.28797e-002
 1.26885e+001  1.28850e-002
 1.27385e+001  1.28904e-002
 1.27885e+001  1.28957e-002
 1.28385e+001  1.29011e-002
 1.28885e+001  1.29064e-002
 1.29385e+001  1.29118e-002
 1.29885e+001  1.29171e-002
 1.30385e+001  1.29224e-002
 1.30885e+001  1.29278e-002
 1.31385e+001  1.29331e-002
 1.31885e+001  1.29384e-002
 1.32385e+001  1.29437e-002
 1.32885e+001  1.29490e-002
 1.33385e+001  1.29543e-002
 1.33885e+001  1.29596e-002
 1.34385e+001  1.29650e-002
 1.34885e+001  1.29703e-002
 1.35385e+001  1.29755e-002
 1.35885e+001  1.29808e-002
 1.36385e+001  1.29861e-002
 1.36885e+001  1.29914e-002
 1.37385e+001  1.29967e-002
 1.37885e+001  1.30020e-002
 1.38385e+001  1.30072e-002
 1.38885e+001  1.30125e-002
 1.39385e+001  1.30178e-002
 1.39885e+001  1.30230e-002
 1.40385e+001  1.30283e-002
 1.40885e+001  1.30335e-002
 1.41385e+001  1.30388e-002
 1.41885e+001  1.30440e-002
 1.42385e+001  1.30493e-002
 1.42885e+001  1.30545e-002
 1.43385e+001  1.30597e-002
 1.43885e+001  1.30650e-002
 1.44385e+001  1.30702e-002
 1.44885e+001  1.30754e-002
 1.45385e+001  1.30806e-002
 1.45885e+001  1.30858e-002
 1.46385e+001  1.30910e-002
 1.46885e+001  1.30962e-002
 1.47385e+001  1.31014e-002
 1.47885e+001  1.31066e-002
 1.48385e+001  1.31118e-002
 1.48885e+001  1.31170e-002
 1.49385e+001  1.31221e-002
 1.49885e+001  1.31273e-002
 1.50385e+001  1.31325e-002
 1.50885e+001  1.31376e-002
 1.51385e+001  1.31428e-002
 1.51885e+001  1.31479e-002
 1.52385e+001  1.31531e-002
 1.52885e+001  1.31582e-002
 1.53385e+001  1.31633e-002
 1.53885e+001  1.31685e-002
 1.54385e+001  1.31736e-002
 1.54885e+001  1.31787e-002
 1.55385e+001  1.31838e-002
 1.55885e+001  1.31889e-002
 1.56385e+001  1.31941e-002
 1.56885e+001  1.31992e-002
 1.57385e+001  1.32042e-002
 1.57885e+001  1.32093e-002
 1.58385e+001  1.32144e-002
 1.58885e+001  1.32195e-002
 1.59385e+001  1.32246e-002
 1.59885e+001  1.32296e-002
 1.60385e+001  1.32347e-002
 1.60885e+001  1.32398e-002
 1.61385e+001  1.32448e-002
 1.61885e+001  1.32499e-002
 1.62385e+001  1.32549e-002
 1.62885e+001  1.32599e-002
 1.63385e+001  1.32650e-002
 1.63885e+001  1.32700e-002
 1.64385e+001  1.32750e-002
 1.64885e+001  1.32800e-002
 1.65385e+001  1.32850e-002
 1.65885e+001  1.32900e-002
 1.66385e+001  1.32950e-002
 1.66885e+001  1.33000e-002
 1.67385e+001  1.33050e-002
 1.67885e+001  1.33100e-002
 1.68385e+001  1.33150e-002
 1.68885e+001  1.33200e-002
 1.69385e+001  1.33249e-002
 1.69885e+001  1.33299e-002
 1.70385e+001  1.33348e-002
 1.70885e+001  1.33398e-002
 1.71385e+001  1.33447e-002
 1.71885e+001  1.33497e-002
 1.72385e+001  1.33546e-002
 1.72885e+001  1.33595e-002
 1.73385e+001  1.33644e-002
 1.73885e+001  1.33694e-002
 1.74385e+001  1.33743e-002
 1.74885e+001  1.33792e-002
 1.75385e+001  1.33841e-002
 1.75885e+001  1.33890e-002
 1.76385e+001  1.33938e-002
 1.76885e+001  1.33987e-002
 1.77385e+001  1.34036e-002
 1.77885e+001  1.34085e-002
 1.78385e+001  1.34133e-002
 1.78885e+001  1.34182e-002
 1.79385e+001  1.34230e-002
 1.79885e+001  1.34279e-002
 1.80385e+001  1.34327e-002
 1.80885e+001  1.34375e-002
 1.81385e+001  1.34424e-002
 1.81885e+001  1.34472e-002
 1.82385e+001  1.34520e-002
 1.82885e+001  1.34568e-002
 1.83385e+001  1.34616e-002
 1.83885e+001  1.34664e-002
 1.84385e+001  1.34712e-002
 1.84885e+001  1.34760e-002
 1.85385e+001  1.34808e-002
 1.85885e+001  1.34856e-002
 1.86385e+001  1.34903e-002
 1.86885e+001  1.34951e-002
 1.87385e+001  1.34998e-002
 1.87885e+001  1.35046e-002
 1.88385e+001  1.35093e-002
 1.88885e+001  1.35141e-002
 1.89385e+001  1.35188e-002
 1.89885e+001  1.35235e-002
 1.90385e+001  1.35282e-002
 1.90885e+001  1.35330e-002
 1.91385e+001  1.35377e-002
 1.91885e+001  1.35424e-002
 1.92385e+001  1.35471e-002
 1.92885e+001  1.35518e-002
 1.93385e+001  1.35564e-002
 1.93885e+001  1.35611e-002
 1.94385e+001  1.35658e-002
 1.94885e+001  1.35705e-002
 1.95385e+001  1.35751e-002
 1.95885e+001  1.35798e-002
 1.96385e+001  1.35844e-002
 1.96885e+001  1.35891e-002
 1.97385e+001  1.35937e-002
 1.97885e+001  1.35983e-002
 1.98385e+001  1.36029e-002
 1.98885e+001  1.36076e-002
 1.99385e+001  1.36122e-002
 1.99885e+001  1.36168e-002
 2.00385e+001  1.36214e-002
 2.00885e+001  1.36260e-002
 2.01385e+001  1.36305e-002
 2.01885e+001  1.36351e-002
 2.02385e+001  1.36397e-002
 2.02885e+001  1.36443e-002
 2.03385e+001  1.36488e-002
 2.03885e+001  1.36534e-002
 2.04385e+001  1.36579e-002
 2.04885e+001  1.36625e-002
 2.05385e+001  1.36670e-002
 2.05885e+001  1.36715e-002
 2.06385e+001  1.36761e-002
 2.06885e+001  1.36806e-002
 2.07385e+001  1.36851e-002
 2.07885e+001  1.36896e-002
 2.08385e+001  1.36941e-002
 2.08885e+001  1.36986e-002
 2.09385e+001  1.37031e-002
 2.09885e+001  1.37075e-002
 2.10385e+001  1.37120e-002
 2.10885e+001  1.37165e-002
 2.11385e+001  1.37210e-002
 2.11885e+001  1.37254e-002
 2.12385e+001  1.37299e-002
 2.12885e+001  1.37343e-002
 2.13385e+001  1.37387e-002
 2.13885e+001  1.37432e-002
 2.14385e+001  1.37476e-002
 2.14885e+001  1.37520e-002
 2.15385e+001  1.37564e-002
 2.15885e+001  1.37608e-002
 2.16385e+001  1.37652e-002
 2.16885e+001  1.37696e-002
 2.17385e+001  1.37740e-002
 2.17885e+001  1.37784e-002
 2.18385e+001  1.37828e-002
 2.18885e+001  1.37871e-002
 2.19385e+001  1.37915e-002
 2.19885e+001  1.37958e-002
 2.20385e+001  1.38002e-002
 2.20885e+001  1.38045e-002
 2.21385e+001  1.38089e-002
 2.21885e+001  1.38132e-002
 2.22385e+001  1.38175e-002
 2.22885e+001  1.38218e-002
 2.23385e+001  1.38262e-002
 2.23885e+001  1.38305e-002
 2.24385e+001  1.38348e-002
 2.24885e+001  1.38391e-002
 2.25385e+001  1.38433e-002
 2.25885e+001  1.38476e-002
 2.26385e+001  1.38519e-002
 2.26885e+001  1.38562e-002
 2.27385e+001  1.38604e-002
 2.27885e+001  1.38647e-002
 2.28385e+001  1.38689e-002
 2.28885e+001  1.38732e-002
 2.29385e+001  1.38774e-002
 2.29885e+001  1.38816e-002
 2.30385e+001  1.38859e-002
 2.30885e+001  1.38901e-002
 2.31385e+001  1.38943e-002
 2.31885e+001  1.38985e-002
 2.32385e+001  1.39027e-002
 2.32885e+001  1.39069e-002
 2.33385e+001  1.39111e-002
 2.33885e+001  1.39153e-002
 2.34385e+001  1.39194e-002
 2.34885e+001  1.39236e-002
 2.35385e+001  1.39278e-002
 2.35885e+001  1.39319e-002
 2.36385e+001  1.39361e-002
 2.36885e+001  1.39402e-002
 2.37385e+001  1.39443e-002
 2.37885e+001  1.39485e-002
 2.38385e+001  1.39526e-002
 2.38885e+001  1.39567e-002
 2.39385e+001  1.39608e-002
 2.39885e+001  1.39649e-002
 2.40385e+001  1.39690e-002
 2.40885e+001  1.39731e-002
 2.41385e+001  1.39772e-002
 2.41885e+001  1.39813e-002
 2.42385e+001  1.39854e-002
 2.42885e+001  1.39894e-002
 2.43385e+001  1.39935e-002
 2.43885e+001  1.39976e-002
 2.44385e+001  1.40016e-002
 2.44885e+001  1.40057e-002
 2.45385e+001  1.40097e-002
 2.45885e+001  1.40137e-002
 2.46385e+001  1.40178e-002
 2.46885e+001  1.40218e-002
 2.47385e+001  1.40258e-002
 2.47885e+001  1.40298e-002
 2.48385e+001  1.40338e-002
 2.48885e+001  1.40378e-002
 2.49385e+001  1.40418e-002
 2.49885e+001  1.40458e-002
 2.50385e+001  1.40497e-002
 2.50885e+001  1.40537e-002
 2.51385e+001  1.40577e-002
 2.51885e+001  1.40616e-002
 2.52385e+001  1.40656e-002
 2.52885e+001  1.40695e-002
 2.53385e+001  1.40735e-002
 2.53885e+001  1.40774e-002
 2.54385e+001  1.40813e-002
 2.54885e+001  1.40852e-002
 3.25035e+001  1.45819e-002
 4.25035e+001  1.51075e-002
 5.25035e+001  1.54773e-002
 6.25035e+001  1.57427e-002
 7.25035e+001  1.59387e-002
 8.25035e+001  1.60881e-002
 9.25035e+001  1.62058e-002
 1.02504e+002  1.63016e-002
 1.12504e+002  1.63822e-002
 1.22504e+002  1.64522e-002
 1.32504e+002  1.65146e-002
 1.42504e+002  1.65719e-002
 1.52504e+002  1.66254e-002
 1.62504e+002  1.66762e-002
 1.72504e+002  1.67245e-002
 1.82504e+002  1.67689e-002
 1.92504e+002  1.68060e-002
 2.02504e+002  1.68310e-002
 2.12504e+002  1.68422e-002
 2.22504e+002  1.68410e-002
 2.32504e+002  1.68293e-002
 2.35003e+002  1.68249e-002
 2.37503e+002  1.68199e-002
 2.40003e+002  1.68145e-002
 2.42503e+002  1.68086e-002
 2.45003e+002  1.68023e-002
 2.47503e+002  1.67955e-002
 2.50003e+002  1.67884e-002
 2.52502e+002  1.67809e-002
 2.55002e+002  1.67731e-002
 2.55787e+002  1.67705e-002
 2.55837e+002  1.67704e-002
 2.55887e+002  1.67702e-002
 2.55937e+002  1.67700e-002
 2.55987e+002  1.67699e-002
 2.56037e+002  1.67697e-002
 2.56087e+002  1.67695e-002
 2.56137e+002  1.67694e-002
 2.56187e+002  1.67692e-002
 2.56237e+002  1.67691e-002
 2.56287e+002  1.67689e-002
 2.56337e+002  1.67687e-002
 2.56387e+002  1.67686e-002
 2.56437e+002  1.67684e-002
 2.56487e+002  1.67682e-002
 2.56537e+002  1.67681e-002
 2.56587e+002  1.67679e-002
 2.56637e+002  1.67677e-002
 2.56687e+002  1.67676e-002
 2.56737e+002  1.67674e-002
 2.56787e+002  1.67672e-002
 2.56837e+002  1.67671e-002
 2.56887e+002  1.67669e-002
 2.56937e+002  1.67667e-002
 2.56987e+002  1.67666e-002
 2.57037e+002  1.67664e-002
 2.57087e+002  1.67662e-002
 2.57137e+002  1.67661e-002
 2.57187e+002  1.67659e-002
 2.57237e+002  1.67657e-002
 2.57287e+002  1.67656e-002
 2.57337e+002  1.67654e-002
 2.57387e+002  1.67652e-002
 2.57437e+002  1.67651e-002
 2.57487e+002  1.67649e-002
 2.57537e+002  1.67647e-002
 2.57587e+002  1.67646e-002
 2.57637e+002  1.67644e-002
 2.57687e+002  1.67642e-002
 2.57737e+002  1.67641e-002
 2.57787e+002  1.67639e-002
 2.57837e+002  1.67637e-002
 2.57887e+002  1.67636e-002
 2.57937e+002  1.67634e-002
 2.57987e+002  1.67632e-002
 2.58037e+002  1.67631e-002
 2.58087e+002  1.67629e-002
 2.58137e+002  1.67627e-002
 2.58187e+002  1.67626e-002
 2.58237e+002  1.67624e-002
 2.58287e+002  1.67622e-002
 2.58337e+002  1.67621e-002
 2.58387e+002  1.67619e-002
 2.58437e+002  1.67617e-002
 2.58487e+002  1.67616e-002
 2.58537e+002  1.67614e-002
 2.58587e+002  1.67612e-002
 2.58637e+002  1.67610e-002
 2.58687e+002  1.67609e-002
 2.58737e+002  1.67607e-002
 2.58787e+002  1.67605e-002
 2.58837e+002  1.67604e-002
 2.58887e+002  1.67602e-002
 2.58937e+002  1.67600e-002
 2.58987e+002  1.67599e-002
 2.59037e+002  1.67597e-002
 2.59087e+002  1.67595e-002
 2.59137e+002  1.67593e-002
 2.59187e+002  1.67592e-002
 2.59237e+002  1.67590e-002
 2.59287e+002  1.67588e-002
 2.59337e+002  1.67587e-002
 2.59387e+002  1.67585e-002
 2.59437e+002  1.67583e-002
 2.59487e+002  1.67581e-002
 2.59537e+002  1.67580e-002
 2.59587e+002  1.67578e-002
 2.59637e+002  1.67576e-002
 2.59687e+002  1.67575e-002
 2.59737e+002  1.67573e-002
 2.59787e+002  1.67571e-002
 2.59837e+002  1.67569e-002
 2.59887e+002  1.67568e-002
 2.59937e+002  1.67566e-002
 2.59987e+002  1.67564e-002
 2.60037e+002  1.67562e-002
 2.60087e+002  1.67561e-002
 2.60137e+002  1.67559e-002
 2.60187e+002  1.67557e-002
 2.60237e+002  1.67555e-002
 2.60287e+002  1.67554e-002
 2.60337e+002  1.67552e-002
 2.60387e+002  1.67550e-002
 2.60437e+002  1.67549e-002
 2.60487e+002  1.67547e-002
 2.60537e+002  1.67545e-002
 2.60587e+002  1.67543e-002
 2.60637e+002  1.67542e-002
 2.60687e+002  1.67540e-002
 2.60737e+002  1.67538e-002
 2.60787e+002  1.67536e-002
 2.60837e+002  1.67535e-002
 2.60887e+002  1.67533e-002
 2.60937e+002  1.67531e-002
 2.60987e+002  1.67529e-002
 2.61037e+002  1.67528e-002
 2.61087e+002  1.67526e-002
 2.61137e+002  1.67524e-002
 2.61187e+002  1.67522e-002
 2.61237e+002  1.67521e-002
 2.61287e+002  1.67519e-002
 2.61337e+002  1.67517e-002
 2.61387e+002  1.67515e-002
 2.61437e+002  1.67513e-002
 2.61487e+002  1.67512e-002
 2.61537e+002  1.67510e-002
 2.61587e+002  1.67508e-002
 2.61637e+002  1.67506e-002
 2.61687e+002  1.67505e-002
 2.61737e+002  1.67503e-002
 2.61787e+002  1.67501e-002
 2.61837e+002  1.67499e-002
 2.61887e+002  1.67498e-002
 2.61937e+002  1.67496e-002
 2.61987e+002  1.67494e-002
 2.62037e+002  1.67492e-002
 2.62087e+002  1.67490e-002
 2.62137e+002  1.67489e-002
 2.62187e+002  1.67487e-002
 2.62237e+002  1.67485e-002
 2.62287e+002  1.67483e-002
 2.62337e+002  1.67482e-002
 2.62387e+002  1.67480e-002
 2.62437e+002  1.67478e-002
 2.62487e+002  1.67476e-002
 2.62537e+002  1.67474e-002
 2.62587e+002  1.67473e-002
 2.62637e+002  1.67471e-002
 2.62687e+002  1.67469e-002
 2.62737e+002  1.67467e-002
 2.62787e+002  1.67465e-002
 2.62837e+002  1.67464e-002
 2.62887e+002  1.67462e-002
 2.62937e+002  1.67460e-002
 2.62987e+002  1.67458e-002
 2.63037e+002  1.67456e-002
 2.63087e+002  1.67455e-002
 2.63137e+002  1.67453e-002
 2.63187e+002  1.67451e-002
 2.63237e+002  1.67449e-002
 2.63287e+002  1.67447e-002
 2.63337e+002  1.67446e-002
 2.63387e+002  1.67444e-002
 2.63437e+002  1.67442e-002
 2.63487e+002  1.67440e-002
 2.63537e+002  1.67438e-002
 2.63587e+002  1.67437e-002
 2.63637e+002  1.67435e-002
 2.63687e+002  1.67433e-002
 2.63737e+002  1.67431e-002
 2.63787e+002  1.67429e-002
 2.63837e+002  1.67427e-002
 2.63887e+002  1.67426e-002
 2.63937e+002  1.67424e-002
 2.63987e+002  1.67422e-002
 2.64037e+002  1.67420e-002
 2.64087e+002  1.67418e-002
 2.64137e+002  1.67417e-002
 2.64187e+002  1.67415e-002
 2.64237e+002  1.67413e-002
 2.64287e+002  1.67411e-002
 2.64337e+002  1.67409e-002
 2.64387e+002  1.67407e-002
 2.64437e+002  1.67406e-002
 2.64487e+002  1.67404e-002
 2.64537e+002  1.67402e-002
 2.64587e+002  1.67400e-002
 2.64637e+002  1.67398e-002
 2.64687e+002  1.67396e-002
 2.64737e+002  1.67395e-002
 2.64787e+002  1.67393e-002
 2.64837e+002  1.67391e-002
 2.64887e+002  1.67389e-002
 2.64937e+002  1.67387e-002
 2.64987e+002  1.67385e-002
 2.65037e+002  1.67384e-002
 2.65087e+002  1.67382e-002
 2.65137e+002  1.67380e-002
 2.65187e+002  1.67378e-002
 2.65237e+002  1.67376e-002
 2.65287e+002  1.67374e-002
 2.65337e+002  1.67372e-002
 2.65387e+002  1.67371e-002
 2.65437e+002  1.67369e-002
 2.65487e+002  1.67367e-002
 2.65537e+002  1.67365e-002
 2.65587e+002  1.67363e-002
 2.65637e+002  1.67361e-002
 2.65687e+002  1.67359e-002
 2.65737e+002  1.67358e-002
 2.65787e+002  1.67356e-002
 2.65837e+002  1.67354e-002
 2.65887e+002  1.67352e-002
 2.65937e+002  1.67350e-002
 2.65987e+002  1.67348e-002
 2.66037e+002  1.67346e-002
 2.66087e+002  1.67345e-002
 2.66137e+002  1.67343e-002
 2.66187e+002  1.67341e-002
 2.66237e+002  1.67339e-002
 2.66287e+002  1.67337e-002
 2.66337e+002  1.67335e-002
 2.66387e+002  1.67333e-002
 2.66437e+002  1.67332e-002
 2.66487e+002  1.67330e-002
 2.66537e+002  1.67328e-002
 2.66587e+002  1.67326e-002
 2.66637e+002  1.67324e-002
 2.66687e+002  1.67322e-002
 2.66737e+002  1.67320e-002
 2.66787e+002  1.67318e-002
 2.66837e+002  1.67316e-002
 2.66887e+002  1.67315e-002
 2.66937e+002  1.67313e-002
 2.66987e+002  1.67311e-002
 2.67037e+002  1.67309e-002
 2.67087e+002  1.67307e-002
 2.67137e+002  1.67305e-002
 2.67187e+002  1.67303e-002
 2.67237e+002  1.67301e-002
 2.67287e+002  1.67300e-002
 2.67337e+002  1.67298e-002
 2.67387e+002  1.67296e-002
 2.67437e+002  1.67294e-002
 2.67487e+002  1.67292e-002
 2.67537e+002  1.67290e-002
 2.67587e+002  1.67288e-002
 2.67637e+002  1.67286e-002
 2.67687e+002  1.67284e-002
 2.67737e+002  1.67282e-002
 2.67787e+002  1.67281e-002
 2.67837e+002  1.67279e-002
 2.67887e+002  1.67277e-002
 2.67937e+002  1.67275e-002
 2.67987e+002  1.67273e-002
 2.68037e+002  1.67271e-002
 2.68087e+002  1.67269e-002
 2.68137e+002  1.67267e-002
 2.68187e+002  1.67265e-002
 2.68237e+002  1.67263e-002
 2.68287e+002  1.67261e-002
 2.68337e+002  1.67260e-002
 2.68387e+002  1.67258e-002
 2.68437e+002  1.67256e-002
 2.68487e+002  1.67254e-002
 2.68537e+002  1.67252e-002
 2.68587e+002  1.67250e-002
 2.68637e+002  1.67248e-002
 2.68687e+002  1.67246e-002
 2.68737e+002  1.67244e-002
 2.68787e+002  1.67242e-002
 2.68837e+002  1.67240e-002
 2.68887e+002  1.67238e-002
 2.68937e+002  1.67237e-002
 2.68987e+002  1.67235e-002
 2.69037e+002  1.67233e-002
 2.69087e+002  1.67231e-002
 2.69137e+002  1.67229e-002
 2.69187e+002  1.67227e-002
 2.69237e+002  1.67225e-002
 2.69287e+002  1.67223e-002
 2.69337e+002  1.67221e-002
 2.69387e+002  1.67219e-002
 2.69437e+002  1.67217e-002
 2.69487e+002  1.67215e-002
 2.69537e+002  1.67213e-002
 2.69587e+002  1.67211e-002
 2.69637e+002  1.67210e-002
 2.69687e+002  1.67208e-002
 2.69737e+002  1.67206e-002
 2.69787e+002  1.67204e-002
 2.69837e+002  1.67202e-002
 2.69887e+002  1.67200e-002
 2.69937e+002  1.67198e-002
 2.69987e+002  1.67196e-002
 2.70037e+002  1.67194e-002
 2.70087e+002  1.67192e-002
 2.70137e+002  1.67190e-002
 2.70187e+002  1.67188e-002
 2.70237e+002  1.67186e-002
 2.70287e+002  1.67184e-002
 2.70337e+002  1.67182e-002
 2.70387e+002  1.67180e-002
 2.70437e+002  1.67178e-002
 2.70487e+002  1.67176e-002
 2.70537e+002  1.67174e-002
 2.70587e+002  1.67173e-002
 2.70637e+002  1.67171e-002
 2.70687e+002  1.67169e-002
 2.70737e+002  1.67167e-002
 2.70787e+002  1.67165e-002
 2.70837e+002  1.67163e-002
 2.70887e+002  1.67161e-002
 2.70937e+002  1.67159e-002
 2.70987e+002  1.67157e-002
 2.71037e+002  1.67155e-002
 2.71087e+002  1.67153e-002
 2.71137e+002  1.67151e-002
 2.71187e+002  1.67149e-002
 2.71237e+002  1.67147e-002
 2.71287e+002  1.67145e-002
 2.71337e+002  1.67143e-002
 2.71387e+002  1.67141e-002
 2.71437e+002  1.67139e-002
 2.71487e+002  1.67137e-002
 2.71537e+002  1.67135e-002
 2.71587e+002  1.67133e-002
 2.71637e+002  1.67131e-002
 2.71687e+002  1.67129e-002
 2.71737e+002  1.67127e-002
 2.71787e+002  1.67125e-002
 2.71837e+002  1.67123e-002
 2.71887e+002  1.67121e-002
 2.71937e+002  1.67119e-002
 2.71987e+002  1.67117e-002
 2.72037e+002  1.67115e-002
 2.72087e+002  1.67113e-002
 2.72137e+002  1.67111e-002
 2.72187e+002  1.67109e-002
 2.72237e+002  1.67107e-002
 2.72287e+002  1.67105e-002
 2.72337e+002  1.67103e-002
 2.72387e+002  1.67101e-002
 2.72437e+002  1.67099e-002
 2.72487e+002  1.67098e-002
 2.72537e+002  1.67096e-002
 2.72587e+002  1.67094e-002
 2.72637e+002  1.67092e-002
 2.72687e+002  1.67090e-002
 2.72737e+002  1.67088e-002
 2.72787e+002  1.67086e-002
 2.72837e+002  1.67084e-002
 2.72887e+002  1.67082e-002
 2.72937e+002  1.67080e-002
 2.72987e+002  1.67078e-002
 2.73037e+002  1.67076e-002
 2.73087e+002  1.67074e-002
 2.73137e+002  1.67072e-002
 2.73187e+002  1.67070e-002
 2.73237e+002  1.67068e-002
 2.73287e+002  1.67066e-002
 2.73337e+002  1.67064e-002
 2.73387e+002  1.67061e-002
 2.78742e+002  1.66842e-002
 2.87744e+002  1.66452e-002
 2.97744e+002  1.65992e-002
 3.07744e+002  1.65507e-002
 3.17744e+002  1.65000e-002
 3.27744e+002  1.64475e-002
 3.37744e+002  1.63933e-002
 3.47744e+002  1.63375e-002
 3.57744e+002  1.62805e-002
 3.67744e+002  1.62221e-002
 3.77744e+002  1.61627e-002
 3.87744e+002  1.61022e-002
 3.97744e+002  1.60407e-002
 4.07744e+002  1.59784e-002
 4.17744e+002  1.59153e-002
 4.27744e+002  1.58514e-002
 4.37744e+002  1.57869e-002
 4.47744e+002  1.57218e-002
 4.57744e+002  1.56561e-002
 4.67744e+002  1.55899e-002
 4.77744e+002  1.55232e-002
 4.87744e+002  1.54561e-002
 4.97744e+002  1.53887e-002
 5.07744e+002  1.53208e-002
 5.17744e+002  1.52527e-002
 5.27744e+002  1.51844e-002
 5.37744e+002  1.51158e-002
 5.47744e+002  1.50469e-002
 5.57744e+002  1.49779e-002
 5.67744e+002  1.49088e-002
 5.77744e+002  1.48395e-002
 5.87744e+002  1.47702e-002
 5.97744e+002  1.47007e-002
 6.07744e+002  1.46312e-002
 6.17744e+002  1.45617e-002
 6.27744e+002  1.44922e-002
 6.37744e+002  1.44226e-002
 6.47744e+002  1.43531e-002
 6.57744e+002  1.42836e-002
 6.67744e+002  1.42142e-002
 6.77744e+002  1.41448e-002
 6.87744e+002  1.40755e-002
 6.97744e+002  1.40063e-002
 7.07744e+002  1.39372e-002
 7.17744e+002  1.38682e-002
 7.27744e+002  1.37994e-002
 7.37744e+002  1.37307e-002
 7.47744e+002  1.36621e-002
 7.57744e+002  1.35938e-002
 7.67744e+002  1.35255e-002
 7.77744e+002  1.34575e-002
 7.87744e+002  1.33896e-002
 7.97744e+002  1.33219e-002
 8.07744e+002  1.32545e-002
 8.17744e+002  1.31872e-002
 8.27744e+002  1.31201e-002
 8.37744e+002  1.30533e-002
 8.47744e+002  1.29867e-002
 8.57744e+002  1.29203e-002
 8.67744e+002  1.28541e-002
 8.77744e+002  1.27882e-002
 8.87744e+002  1.27226e-002
 8.97744e+002  1.26571e-002
 9.07744e+002  1.25920e-002
 9.17744e+002  1.25270e-002
 9.27744e+002  1.24624e-002
 9.37744e+002  1.23980e-002
 9.47744e+002  1.23338e-002
 9.57744e+002  1.22700e-002
 9.67744e+002  1.22064e-002
 9.77744e+002  1.21430e-002
 9.87744e+002  1.20800e-002
 9.97744e+002  1.20172e-002
 9.98789e+002  1.20106e-002
 9.98839e+002  1.20103e-002
 9.98889e+002  1.20100e-002
 9.98939e+002  1.20097e-002
 9.98989e+002  1.20094e-002
 9.99039e+002  1.20091e-002
 9.99089e+002  1.20088e-002
 9.99139e+002  1.20084e-002
 9.99189e+002  1.20081e-002
 9.99239e+002  1.20078e-002
 9.99289e+002  1.20075e-002
 9.99339e+002  1.20072e-002
 9.99389e+002  1.20069e-002
 9.99439e+002  1.20066e-002
 9.99489e+002  1.20063e-002
 9.99539e+002  1.20059e-002
 9.99589e+002  1.20056e-002
 9.99639e+002  1.20053e-002
 9.99689e+002  1.20050e-002
 9.99739e+002  1.20047e-002
 9.99789e+002  1.20044e-002
 9.99839e+002  1.20041e-002
 9.99889e+002  1.20038e-002
 9.99939e+002  1.20034e-002
 9.99989e+002  1.20031e-002
